neuron inhiS inhibitory
neuron inhi1 inhibitory
neuron inhi2 inhibitory
neuron inhi3 inhibitory
neuron inhi4 inhibitory
neuron inhi5 inhibitory
neuron inhi6 inhibitory
neurongroup input 1024 excitatory
neurongroup output 100 excitatory

synapse input  output excitatory learn 0 7 0 6
synapse output inhiS   excitatory fixed 3000
synapse inhiS  output inhibitory fixed 3000
synapse input  inhi1  excitatory fixed 250
synapse input  inhi2  excitatory fixed 200
synapse input  inhi3  excitatory fixed 170
synapse input  inhi4  excitatory fixed 150
synapse input  inhi5  excitatory fixed 130
synapse input  inhi6  excitatory fixed 100

synapse inhi1  input  inhibitory fixed 11
synapse inhi2  input  inhibitory fixed 11
synapse inhi3  input  inhibitory fixed 10
synapse inhi4  input  inhibitory fixed 10
synapse inhi5  input  inhibitory fixed 10
synapse inhi6  input  inhibitory fixed 10


activate A input 176 177 178 207 208 209 210 211 239 240 241 242 243 270 271 272 273 274 275 302 303 304 305 306 307 308 334 335 337 338 339 340 365 366 367 370 371 372 373 397 398 402 403 404 405 429 430 434 435 436 437 438 460 461 462 467 468 469 470 492 493 499 500 501 502 523 524 525 526 531 532 533 534 535 555 556 557 558 559 560 561 562 563 564 565 566 567 587 588 589 590 591 592 593 594 595 596 597 598 599 600 618 619 620 629 630 631 632 650 651 652 661 662 663 664 665 681 682 683 684 693 694 695 696 697 710 711 712 713 714 715 716 717 718 723 724 725 726 727 728 729 730 731 732 742 743 744 745 746 747 748 749 750 754 755 756 757 758 759 760 761 762 763 764
activate B input 200 201 202 203 204 205 206 207 208 209 210 211 232 233 234 235 236 237 238 239 240 241 242 243 244 245 246 265 266 267 268 269 270 271 274 275 276 277 278 279 280 299 300 301 302 308 309 310 311 312 331 332 333 334 340 341 342 343 344 363 364 365 366 373 374 375 376 395 396 397 398 404 405 406 407 408 427 428 429 430 436 437 438 439 440 459 460 461 462 463 465 466 467 468 469 470 471 491 492 493 494 495 496 497 498 499 500 501 502 523 524 525 526 527 529 530 531 532 533 534 535 555 556 557 558 564 565 566 567 568 587 588 589 590 597 598 599 600 619 620 621 622 629 630 631 632 633 651 652 653 654 661 662 663 664 665 683 684 685 686 693 694 695 696 715 716 717 718 724 725 726 727 728 744 745 746 747 748 749 750 751 752 753 754 755 756 757 758 759 760 776 777 778 779 780 781 782 783 784 785 786 787 788 789 790
activate C input 173 174 175 176 177 178 179 180 181 184 185 204 205 206 207 208 209 210 211 212 213 214 215 216 217 235 236 237 238 239 244 245 246 247 248 249 266 267 268 269 270 277 278 279 280 281 298 299 300 301 310 311 312 313 329 330 331 332 333 343 344 345 361 362 363 364 375 376 377 393 394 395 396 407 408 409 424 425 426 427 428 456 457 458 459 460 488 489 490 491 492 520 521 522 523 524 552 553 554 555 556 568 569 584 585 586 587 588 599 600 601 617 618 619 620 631 632 633 649 650 651 652 653 663 664 665 681 682 683 684 685 694 695 696 697 714 715 716 717 726 727 728 746 747 748 749 750 751 756 757 758 759 760 779 780 781 782 783 784 785 786 787 788 789 790 791 812 813 814 815 816 817 818 819 820 821 822 847 848 849 850 851
activate D input 167 168 169 170 171 172 173 174 175 176 177 178 179 180 199 200 201 202 203 204 205 206 207 208 209 210 211 212 213 214 232 233 234 235 236 237 238 242 243 244 245 246 247 266 267 268 269 277 278 279 280 298 299 300 301 309 310 311 312 330 331 332 333 342 343 344 345 362 363 364 365 374 375 376 377 394 395 396 397 406 407 408 409 426 427 428 429 438 439 440 441 458 459 460 461 470 471 472 473 490 491 492 493 502 503 504 505 522 523 524 525 534 535 536 537 554 555 556 557 566 567 568 569 586 587 588 589 598 599 600 601 618 619 620 621 630 631 632 633 650 651 652 653 661 662 663 664 665 682 683 684 685 693 694 695 696 714 715 716 717 724 725 726 727 728 744 745 746 747 748 749 750 755 756 757 758 759 775 776 777 778 779 780 781 782 783 784 785 786 787 788 789 790 807 808 809 810 811 812 813 814 815 816 817 818 819 820
activate E input 168 169 170 171 172 173 174 175 176 177 178 179 180 181 182 183 184 185 200 201 202 203 204 205 206 207 208 209 210 211 212 213 214 215 216 217 232 233 234 235 236 237 238 239 240 241 242 243 244 245 246 247 248 249 267 268 269 270 278 279 280 281 299 300 301 302 311 312 313 331 332 333 334 339 343 344 345 363 364 365 366 370 371 372 375 376 377 395 396 397 398 402 403 404 408 427 428 429 430 434 435 436 459 460 461 462 463 464 465 466 467 468 491 492 493 494 495 496 497 498 499 500 523 524 525 526 528 529 530 531 532 555 556 557 558 562 563 564 568 587 588 589 590 594 595 596 599 600 601 619 620 621 622 627 628 631 632 633 651 652 653 654 663 664 665 683 684 685 686 695 696 697 715 716 717 718 726 727 728 729 746 747 748 749 750 751 755 756 757 758 759 760 761 776 777 778 779 780 781 782 783 784 785 786 787 788 789 790 791 792 808 809 810 811 812 813 814 815 816 817 818 819 820 821 822 823 824
activate F input 152 168 169 170 171 172 173 174 175 176 177 178 179 180 181 182 183 184 185 200 201 202 203 204 205 206 207 208 209 210 211 212 213 214 215 216 217 235 236 237 238 239 245 246 247 248 249 267 268 269 270 279 280 281 299 300 301 302 311 312 313 331 332 333 334 340 344 345 363 364 365 366 371 372 373 376 377 395 396 397 398 403 404 408 427 428 429 430 434 435 436 459 460 461 462 463 464 465 466 467 468 491 492 493 494 495 496 497 498 499 500 523 524 525 526 530 531 532 555 556 557 558 563 564 565 587 588 589 590 595 596 597 619 620 621 622 628 651 652 653 654 683 684 685 686 714 715 716 717 718 719 744 745 746 747 748 749 750 751 752 753 754 776 777 778 779 780 781 782 783 784 785 786
activate G input 140 141 142 143 144 145 146 150 151 170 171 172 173 174 175 176 177 178 179 180 181 182 183 201 202 203 204 205 206 208 209 210 211 212 213 214 215 232 233 234 235 236 243 244 245 246 247 263 264 265 266 267 276 277 278 279 295 296 297 298 308 309 310 311 326 327 328 329 330 341 342 343 358 359 360 361 362 373 374 375 390 391 392 393 394 405 406 422 423 424 425 426 454 455 456 457 467 469 470 473 486 487 488 489 497 498 499 500 501 502 503 504 505 506 518 519 520 521 530 531 532 533 534 535 536 537 550 551 552 553 554 564 565 566 567 568 582 583 584 585 586 596 597 598 599 600 614 615 616 617 618 628 629 630 631 632 647 648 649 650 660 661 662 663 664 679 680 681 682 683 692 693 694 695 696 711 712 713 714 715 716 723 724 725 726 727 728 744 745 746 747 748 749 752 753 754 755 756 757 758 759 760 777 778 779 780 781 782 783 784 785 786 787 790 791 792 811 812 813 814 815 816 817 818 823 824
activate H input 198 199 200 201 202 203 204 205 206 210 211 212 213 214 215 216 217 218 229 230 231 232 233 234 235 236 237 238 239 242 243 244 245 246 247 248 249 250 251 264 265 266 267 268 276 277 278 279 280 297 298 299 300 308 309 310 311 312 329 330 331 332 341 342 343 361 362 363 364 373 374 375 393 394 395 405 406 407 425 426 427 437 438 439 457 458 459 460 468 469 470 471 489 490 491 492 493 494 495 496 497 498 499 500 501 502 503 521 522 523 524 525 526 527 528 529 530 531 532 533 534 535 553 554 555 556 565 566 567 585 586 587 597 598 599 617 618 619 629 630 631 649 650 651 661 662 663 681 682 683 693 694 695 713 714 715 716 725 726 727 744 745 746 747 748 756 757 758 759 760 773 774 775 776 777 778 779 780 781 782 783 785 786 787 788 789 790 791 792 793 794 795 806 807 808 809 810 811 812 813 814 815 818 819 820 821 822 823 824 825 826 827
activate I input 173 174 179 203 204 205 206 207 208 209 210 211 212 213 235 236 237 238 239 240 241 242 243 244 245 270 271 272 273 274 302 303 304 305 306 334 335 336 337 366 367 368 369 398 399 400 401 430 431 432 433 462 463 464 465 494 495 496 497 526 527 528 529 558 559 560 561 590 591 592 593 622 623 624 625 654 655 656 657 686 687 688 689 718 719 720 721 748 749 750 751 752 753 754 755 756 779 780 781 782 783 784 785 786 787 788 789 811 812 813 814 815 816 817 818 819 820 821
activate J input 142 143 144 145 146 147 148 149 150 151 174 175 176 177 178 179 180 181 182 183 206 207 208 209 210 211 212 213 214 215 241 242 243 244 273 274 275 276 305 306 307 308 337 338 339 340 369 370 371 372 401 402 403 404 433 434 435 436 465 466 467 468 497 498 499 500 529 530 531 532 555 561 562 563 564 585 586 587 588 593 594 595 596 616 617 618 619 620 621 625 626 627 628 648 649 650 651 652 653 656 657 658 659 660 680 681 682 683 684 688 689 690 691 692 713 714 715 719 720 721 722 723 745 746 747 748 749 750 751 752 753 754 755 778 779 780 781 782 783 784 785 813 814 815
