neuron inhiS inhibitory
neuron inhi1 inhibitory
neuron inhi2 inhibitory
neuron inhi3 inhibitory
neuron inhi4 inhibitory
neuron inhi5 inhibitory
neuron inhi6 inhibitory
neuron inhi7 inhibitory
neuron inhi8 inhibitory
neuron inhi9 inhibitory
neuron inhi10 inhibitory
neuron inhi11 inhibitory
neuron inhi12 inhibitory
neurongroup input 1024 excitatory
neurongroup output 800 excitatory

synapse input  output excitatory learn 0 7 0 6
synapse output inhiS   excitatory fixed 3000
synapse inhiS  output inhibitory fixed 3000
synapse input  inhi1  excitatory fixed 250
synapse input  inhi2  excitatory fixed 200
synapse input  inhi3  excitatory fixed 170
synapse input  inhi4  excitatory fixed 150
synapse input  inhi5  excitatory fixed 130
synapse input  inhi6  excitatory fixed 100
synapse input  inhi7  excitatory fixed 80
synapse input  inhi8  excitatory fixed 60
synapse input  inhi9  excitatory fixed 40
synapse input  inhi10  excitatory fixed 20
synapse input  inhi11  excitatory fixed 15
synapse input  inhi12  excitatory fixed 10

synapse inhi1  input  inhibitory fixed 11
synapse inhi2  input  inhibitory fixed 11
synapse inhi3  input  inhibitory fixed 10
synapse inhi4  input  inhibitory fixed 10
synapse inhi5  input  inhibitory fixed 10
synapse inhi6  input  inhibitory fixed 10
synapse inhi7  input  inhibitory fixed 9
synapse inhi8  input  inhibitory fixed 9
synapse inhi9  input  inhibitory fixed 9
synapse inhi10  input  inhibitory fixed 9
synapse inhi11  input  inhibitory fixed 8
synapse inhi12  input  inhibitory fixed 8

activate A input 176 177 178 207 208 209 210 211 239 240 241 242 243 270 271 272 273 274 275 302 303 304 305 306 307 308 334 335 337 338 339 340 365 366 367 370 371 372 373 397 398 402 403 404 405 429 430 434 435 436 437 438 460 461 462 467 468 469 470 492 493 499 500 501 502 523 524 525 526 531 532 533 534 535 555 556 557 558 559 560 561 562 563 564 565 566 567 587 588 589 590 591 592 593 594 595 596 597 598 599 600 618 619 620 629 630 631 632 650 651 652 661 662 663 664 665 681 682 683 684 693 694 695 696 697 710 711 712 713 714 715 716 717 718 723 724 725 726 727 728 729 730 731 732 742 743 744 745 746 747 748 749 750 754 755 756 757 758 759 760 761 762 763 764
activate B input 200 201 202 203 204 205 206 207 208 209 210 211 232 233 234 235 236 237 238 239 240 241 242 243 244 245 246 265 266 267 268 269 270 271 274 275 276 277 278 279 280 299 300 301 302 308 309 310 311 312 331 332 333 334 340 341 342 343 344 363 364 365 366 373 374 375 376 395 396 397 398 404 405 406 407 408 427 428 429 430 436 437 438 439 440 459 460 461 462 463 465 466 467 468 469 470 471 491 492 493 494 495 496 497 498 499 500 501 502 523 524 525 526 527 529 530 531 532 533 534 535 555 556 557 558 564 565 566 567 568 587 588 589 590 597 598 599 600 619 620 621 622 629 630 631 632 633 651 652 653 654 661 662 663 664 665 683 684 685 686 693 694 695 696 715 716 717 718 724 725 726 727 728 744 745 746 747 748 749 750 751 752 753 754 755 756 757 758 759 760 776 777 778 779 780 781 782 783 784 785 786 787 788 789 790
activate C input 173 174 175 176 177 178 179 180 181 184 185 204 205 206 207 208 209 210 211 212 213 214 215 216 217 235 236 237 238 239 244 245 246 247 248 249 266 267 268 269 270 277 278 279 280 281 298 299 300 301 310 311 312 313 329 330 331 332 333 343 344 345 361 362 363 364 375 376 377 393 394 395 396 407 408 409 424 425 426 427 428 456 457 458 459 460 488 489 490 491 492 520 521 522 523 524 552 553 554 555 556 568 569 584 585 586 587 588 599 600 601 617 618 619 620 631 632 633 649 650 651 652 653 663 664 665 681 682 683 684 685 694 695 696 697 714 715 716 717 726 727 728 746 747 748 749 750 751 756 757 758 759 760 779 780 781 782 783 784 785 786 787 788 789 790 791 812 813 814 815 816 817 818 819 820 821 822 847 848 849 850 851
activate D input 167 168 169 170 171 172 173 174 175 176 177 178 179 180 199 200 201 202 203 204 205 206 207 208 209 210 211 212 213 214 232 233 234 235 236 237 238 242 243 244 245 246 247 266 267 268 269 277 278 279 280 298 299 300 301 309 310 311 312 330 331 332 333 342 343 344 345 362 363 364 365 374 375 376 377 394 395 396 397 406 407 408 409 426 427 428 429 438 439 440 441 458 459 460 461 470 471 472 473 490 491 492 493 502 503 504 505 522 523 524 525 534 535 536 537 554 555 556 557 566 567 568 569 586 587 588 589 598 599 600 601 618 619 620 621 630 631 632 633 650 651 652 653 661 662 663 664 665 682 683 684 685 693 694 695 696 714 715 716 717 724 725 726 727 728 744 745 746 747 748 749 750 755 756 757 758 759 775 776 777 778 779 780 781 782 783 784 785 786 787 788 789 790 807 808 809 810 811 812 813 814 815 816 817 818 819 820
activate E input 168 169 170 171 172 173 174 175 176 177 178 179 180 181 182 183 184 185 200 201 202 203 204 205 206 207 208 209 210 211 212 213 214 215 216 217 232 233 234 235 236 237 238 239 240 241 242 243 244 245 246 247 248 249 267 268 269 270 278 279 280 281 299 300 301 302 311 312 313 331 332 333 334 339 343 344 345 363 364 365 366 370 371 372 375 376 377 395 396 397 398 402 403 404 408 427 428 429 430 434 435 436 459 460 461 462 463 464 465 466 467 468 491 492 493 494 495 496 497 498 499 500 523 524 525 526 528 529 530 531 532 555 556 557 558 562 563 564 568 587 588 589 590 594 595 596 599 600 601 619 620 621 622 627 628 631 632 633 651 652 653 654 663 664 665 683 684 685 686 695 696 697 715 716 717 718 726 727 728 729 746 747 748 749 750 751 755 756 757 758 759 760 761 776 777 778 779 780 781 782 783 784 785 786 787 788 789 790 791 792 808 809 810 811 812 813 814 815 816 817 818 819 820 821 822 823 824
activate F input 152 168 169 170 171 172 173 174 175 176 177 178 179 180 181 182 183 184 185 200 201 202 203 204 205 206 207 208 209 210 211 212 213 214 215 216 217 235 236 237 238 239 245 246 247 248 249 267 268 269 270 279 280 281 299 300 301 302 311 312 313 331 332 333 334 340 344 345 363 364 365 366 371 372 373 376 377 395 396 397 398 403 404 408 427 428 429 430 434 435 436 459 460 461 462 463 464 465 466 467 468 491 492 493 494 495 496 497 498 499 500 523 524 525 526 530 531 532 555 556 557 558 563 564 565 587 588 589 590 595 596 597 619 620 621 622 628 651 652 653 654 683 684 685 686 714 715 716 717 718 719 744 745 746 747 748 749 750 751 752 753 754 776 777 778 779 780 781 782 783 784 785 786
activate G input 140 141 142 143 144 145 146 150 151 170 171 172 173 174 175 176 177 178 179 180 181 182 183 201 202 203 204 205 206 208 209 210 211 212 213 214 215 232 233 234 235 236 243 244 245 246 247 263 264 265 266 267 276 277 278 279 295 296 297 298 308 309 310 311 326 327 328 329 330 341 342 343 358 359 360 361 362 373 374 375 390 391 392 393 394 405 406 422 423 424 425 426 454 455 456 457 467 469 470 473 486 487 488 489 497 498 499 500 501 502 503 504 505 506 518 519 520 521 530 531 532 533 534 535 536 537 550 551 552 553 554 564 565 566 567 568 582 583 584 585 586 596 597 598 599 600 614 615 616 617 618 628 629 630 631 632 647 648 649 650 660 661 662 663 664 679 680 681 682 683 692 693 694 695 696 711 712 713 714 715 716 723 724 725 726 727 728 744 745 746 747 748 749 752 753 754 755 756 757 758 759 760 777 778 779 780 781 782 783 784 785 786 787 790 791 792 811 812 813 814 815 816 817 818 823 824
activate H input 198 199 200 201 202 203 204 205 206 210 211 212 213 214 215 216 217 218 229 230 231 232 233 234 235 236 237 238 239 242 243 244 245 246 247 248 249 250 251 264 265 266 267 268 276 277 278 279 280 297 298 299 300 308 309 310 311 312 329 330 331 332 341 342 343 361 362 363 364 373 374 375 393 394 395 405 406 407 425 426 427 437 438 439 457 458 459 460 468 469 470 471 489 490 491 492 493 494 495 496 497 498 499 500 501 502 503 521 522 523 524 525 526 527 528 529 530 531 532 533 534 535 553 554 555 556 565 566 567 585 586 587 597 598 599 617 618 619 629 630 631 649 650 651 661 662 663 681 682 683 693 694 695 713 714 715 716 725 726 727 744 745 746 747 748 756 757 758 759 760 773 774 775 776 777 778 779 780 781 782 783 785 786 787 788 789 790 791 792 793 794 795 806 807 808 809 810 811 812 813 814 815 818 819 820 821 822 823 824 825 826 827
activate I input 173 174 179 203 204 205 206 207 208 209 210 211 212 213 235 236 237 238 239 240 241 242 243 244 245 270 271 272 273 274 302 303 304 305 306 334 335 336 337 366 367 368 369 398 399 400 401 430 431 432 433 462 463 464 465 494 495 496 497 526 527 528 529 558 559 560 561 590 591 592 593 622 623 624 625 654 655 656 657 686 687 688 689 718 719 720 721 748 749 750 751 752 753 754 755 756 779 780 781 782 783 784 785 786 787 788 789 811 812 813 814 815 816 817 818 819 820 821
activate J input 142 143 144 145 146 147 148 149 150 151 174 175 176 177 178 179 180 181 182 183 206 207 208 209 210 211 212 213 214 215 241 242 243 244 273 274 275 276 305 306 307 308 337 338 339 340 369 370 371 372 401 402 403 404 433 434 435 436 465 466 467 468 497 498 499 500 529 530 531 532 555 561 562 563 564 585 586 587 588 593 594 595 596 616 617 618 619 620 621 625 626 627 628 648 649 650 651 652 653 656 657 658 659 660 680 681 682 683 684 688 689 690 691 692 713 714 715 719 720 721 722 723 745 746 747 748 749 750 751 752 753 754 755 778 779 780 781 782 783 784 785 813 814 815
activate K input 198 199 200 201 202 203 204 205 206 207 209 210 211 212 213 214 215 216 217 218 230 231 232 233 234 235 236 237 238 239 241 242 243 244 245 246 247 248 249 250 265 266 267 268 275 276 277 278 297 298 299 300 306 307 308 309 329 330 331 332 337 338 339 340 361 362 363 364 368 369 370 371 393 394 395 396 399 400 401 402 425 426 427 428 430 431 432 433 457 458 459 460 461 462 463 464 465 466 489 490 491 492 493 494 495 496 497 498 499 521 522 523 524 525 528 529 530 531 553 554 555 556 560 561 562 563 564 585 586 587 588 593 594 595 596 597 617 618 619 620 626 627 628 629 649 650 651 652 658 659 660 661 662 681 682 683 684 691 692 693 694 695 711 712 713 714 715 716 717 718 722 723 724 725 726 727 728 729 742 743 744 745 746 747 748 749 750 751 753 754 755 756 757 758 759 760 761 762 774 775 776 777 778 779 780 781 782 783 785 786 787 788 789 790 791 792 793 794
activate L input 168 169 170 171 172 173 174 175 176 177 200 201 202 203 204 205 206 207 208 209 210 233 234 235 236 237 238 239 240 241 267 268 269 270 271 299 300 301 302 331 332 333 334 363 364 365 366 395 396 397 398 427 428 429 430 459 460 461 462 491 492 493 494 523 524 525 526 555 556 557 558 567 568 587 588 589 590 598 599 600 619 620 621 622 630 631 632 651 652 653 654 662 663 664 683 684 685 686 693 694 695 696 713 714 715 716 717 718 719 720 721 722 723 724 725 726 727 728 744 745 746 747 748 749 750 751 752 753 754 755 756 757 758 759 760 776 777 778 779 780 781 782 783 784 785 786 787 788 789 790 791 792
activate M input 165 166 167 168 169 170 183 184 185 186 187 188 196 197 198 199 200 201 202 203 214 215 216 217 218 219 220 221 228 229 230 231 232 233 234 235 246 247 248 249 250 251 252 263 264 265 266 267 268 277 278 279 280 281 282 295 296 297 298 299 300 309 310 311 312 313 314 327 328 329 330 331 332 340 341 342 343 344 345 346 359 360 361 362 363 364 365 372 373 374 375 376 377 378 391 392 394 395 396 397 404 405 407 408 409 423 424 426 427 428 429 430 435 436 437 439 440 441 455 456 459 460 461 462 467 468 471 472 473 487 488 491 492 493 494 495 498 499 503 504 505 519 520 524 525 526 527 530 531 535 536 537 538 551 552 556 557 558 559 562 563 567 568 569 570 583 584 589 590 591 592 593 594 599 600 601 602 615 616 621 622 623 624 625 626 631 632 633 634 647 648 653 654 655 656 657 663 664 665 666 679 680 686 687 688 689 695 696 697 698 711 712 718 719 720 721 727 728 729 730 742 743 744 745 751 752 758 759 760 761 762 772 773 774 775 776 777 778 779 780 788 789 790 791 792 793 794 795 796 797 804 805 806 807 808 809 810 811 812 820 821 822 823 824 825 826 827 828 829
activate N input 135 136 137 138 139 140 141 147 148 149 150 151 152 153 154 167 168 169 170 171 172 173 179 180 181 182 183 184 185 186 187 199 200 201 202 203 204 205 206 212 213 214 215 216 217 218 234 235 236 237 238 246 247 248 266 267 268 269 270 271 278 279 298 299 300 301 302 303 304 310 311 330 331 332 333 334 335 336 342 343 362 363 365 366 367 368 369 374 375 394 395 398 399 400 401 406 407 426 427 430 431 432 433 434 438 439 458 459 463 464 465 466 467 470 471 490 491 495 496 497 498 499 502 503 522 523 528 529 530 531 532 534 535 554 555 561 562 563 564 566 567 586 587 593 594 595 596 597 598 599 618 619 626 627 628 629 630 631 650 651 658 659 660 661 662 663 682 683 691 692 693 694 695 714 715 724 725 726 727 746 747 756 757 758 759 775 776 777 778 779 780 781 782 788 789 790 791 807 808 809 810 811 812 813 814 821 822 823 839 840 841 842 843 844 845 846 854 855
activate O input 141 142 143 144 145 146 147 171 172 173 174 175 176 177 178 179 180 181 201 202 203 204 205 206 207 208 209 210 211 212 213 214 232 233 234 235 236 243 244 245 246 247 264 265 266 267 276 277 278 279 280 295 296 297 298 299 308 309 310 311 312 327 328 329 330 341 342 343 344 358 359 360 361 362 373 374 375 376 390 391 392 393 394 405 406 407 408 422 423 424 425 426 437 438 439 440 441 454 455 456 457 458 469 470 471 472 473 486 487 488 489 490 501 502 503 504 505 518 519 520 521 522 533 534 535 536 537 550 551 552 553 554 565 566 567 568 582 583 584 585 586 597 598 599 600 614 615 616 617 618 629 630 631 632 647 648 649 650 661 662 663 664 679 680 681 682 683 692 693 694 695 696 712 713 714 715 724 725 726 727 744 745 746 747 748 754 755 756 757 758 777 778 779 780 781 782 783 784 785 786 787 788 789 811 812 813 814 815 816 817 818 819 820 846 847 848 849
activate P input 169 170 171 172 173 174 175 176 177 178 200 201 202 203 204 205 206 207 208 209 210 211 212 213 214 215 233 234 235 236 237 238 239 240 241 242 243 244 245 246 247 248 267 268 269 270 271 276 277 278 279 280 281 300 301 302 303 309 310 311 312 313 332 333 334 335 342 343 344 345 346 364 365 366 367 374 375 376 377 378 396 397 398 399 406 407 408 409 410 428 429 430 431 438 439 440 441 442 460 461 462 463 470 471 472 473 492 493 494 495 501 502 503 504 505 524 525 526 527 532 533 534 535 536 537 556 557 558 559 560 561 562 563 564 565 566 567 568 588 589 590 591 592 593 594 595 596 597 598 620 621 622 623 624 626 652 653 654 655 684 685 686 687 716 717 718 719 747 748 749 750 751 752 777 778 779 780 781 782 783 784 785 786 808 809 810 811 812 813 814 815 816 817 818 849
activate Q input 142 143 144 145 146 172 173 174 175 176 177 178 179 180 181 202 203 204 205 206 207 209 210 211 212 213 214 233 234 235 236 237 244 245 246 247 265 266 267 268 277 278 279 280 296 297 298 299 309 310 311 312 328 329 330 331 341 342 343 344 345 359 360 361 362 363 374 375 376 377 391 392 393 394 395 406 407 408 409 423 424 425 426 438 439 440 441 455 456 457 458 470 471 472 473 487 488 489 490 502 503 504 505 519 520 521 522 534 535 536 537 551 552 553 554 555 566 567 568 569 584 585 586 587 591 592 593 594 598 599 600 601 616 617 618 619 622 623 624 625 626 627 629 630 631 632 648 649 650 651 653 654 658 659 660 661 662 663 664 681 682 683 684 685 686 690 691 692 693 694 695 713 714 715 716 717 718 722 723 724 725 726 727 746 747 748 749 750 751 752 753 754 755 756 757 758 780 781 782 783 784 785 786 787 788 789 818 819 820 821 825 850 851 852 853 856 857 858 882 883 884 885 886 887 888 889 915 916 917 918 919 920 921 947 948 949 950 951 952
activate R input 167 168 169 170 171 172 173 174 175 176 177 178 179 180 199 200 201 202 203 204 205 206 207 208 209 210 211 212 213 234 235 236 237 242 243 244 245 246 266 267 268 269 275 276 277 278 298 299 300 301 308 309 310 311 330 331 332 333 340 341 342 343 362 363 364 365 372 373 374 375 394 395 396 397 403 404 405 406 426 427 428 429 435 436 437 438 458 459 460 461 462 463 464 465 466 467 468 469 490 491 492 493 494 495 496 497 498 499 500 522 523 524 525 526 527 528 529 530 531 532 554 555 556 557 562 563 564 565 586 587 588 589 594 595 596 597 618 619 620 621 626 627 628 629 630 633 634 650 651 652 653 658 659 660 661 662 665 666 682 683 684 685 691 692 693 694 697 698 714 715 716 717 723 724 725 726 729 730 743 744 745 746 747 748 749 750 751 752 755 756 757 758 759 760 761 762 775 776 777 778 779 780 781 782 783 784 787 788 789 790 791 792 793 821 822 823 824
activate S input 173 174 175 176 177 178 179 182 183 203 204 205 206 207 208 209 210 211 212 213 214 215 235 236 237 238 242 243 244 245 246 247 266 267 268 276 277 278 279 298 299 300 309 310 311 329 330 331 332 342 343 361 362 363 364 365 374 375 393 394 395 396 397 398 399 426 427 428 429 430 431 432 433 434 435 436 437 458 459 460 461 462 463 464 465 466 467 468 469 470 491 492 493 494 495 496 497 498 499 500 501 502 503 525 526 527 528 529 530 531 532 533 534 535 536 560 561 562 563 564 565 566 567 568 585 586 597 598 599 600 617 618 629 630 631 632 649 650 651 662 663 664 681 682 683 694 695 696 713 714 715 716 725 726 727 745 746 747 748 749 750 751 752 753 754 755 756 757 758 759 777 778 779 780 781 782 783 784 785 786 787 788 789 790 809 810 814 815 816 817 818 819 820
activate T input 136 153 167 168 169 170 171 172 173 174 175 176 177 178 179 180 181 182 183 184 185 186 199 200 201 202 203 204 205 206 207 208 209 210 211 212 213 214 215 216 217 218 231 232 233 234 235 236 237 238 239 240 241 242 243 244 245 246 247 248 249 250 263 264 265 266 271 272 273 274 279 280 281 282 295 296 297 303 304 305 306 312 313 314 327 328 329 335 336 337 338 344 345 346 359 360 361 367 368 369 370 376 377 378 391 392 393 399 400 401 402 408 409 410 424 431 432 433 434 440 441 463 464 465 466 495 496 497 498 527 528 529 530 559 560 561 562 591 592 593 594 623 624 625 626 655 656 657 658 687 688 689 690 719 720 721 722 751 752 753 754 782 783 784 785 786 812 813 814 815 816 817 818 819 820 821 843 844 845 846 847 848 849 850 851 852 853 854 875 876 877 878 879 880 881 882 883 884 885 886
activate U input 197 198 199 200 201 202 203 204 205 206 211 212 213 214 215 216 217 218 229 230 231 232 233 234 235 236 237 238 242 243 244 245 246 247 248 249 250 263 264 265 266 267 268 277 278 279 280 296 297 298 299 309 310 311 328 329 330 331 341 342 343 360 361 362 363 373 374 375 392 393 394 395 405 406 407 424 425 426 427 437 438 439 456 457 458 459 469 470 471 488 489 490 491 501 502 503 520 521 522 523 533 534 535 552 553 554 555 565 566 567 584 585 586 587 597 598 599 616 617 618 619 629 630 631 648 649 650 651 652 661 662 663 680 681 682 683 684 693 694 695 712 713 714 715 716 724 725 726 727 745 746 747 748 749 755 756 757 758 778 779 780 781 782 783 784 785 786 787 788 789 811 812 813 814 815 816 817 818 819 820 821 845 846 847 848 849 850 851
activate V input 198 199 200 201 202 203 204 205 206 207 210 211 212 213 214 215 216 217 218 230 231 232 233 234 235 236 237 238 239 243 244 245 246 247 248 249 250 264 265 266 267 268 269 277 278 279 280 297 298 299 300 309 310 311 329 330 331 332 333 341 342 343 361 362 363 364 365 372 373 374 394 395 396 397 404 405 406 426 427 428 429 436 437 458 459 460 461 462 467 468 469 491 492 493 494 499 500 501 523 524 525 526 531 532 555 556 557 558 559 562 563 564 588 589 590 591 594 595 620 621 622 623 626 627 652 653 654 655 656 657 658 659 685 686 687 688 689 690 717 718 719 720 721 722 749 750 751 752 753 754 782 783 784 785 814 815 816 817
activate W input 193 194 195 196 197 198 199 200 201 202 205 206 207 208 209 210 211 212 213 216 217 218 219 220 221 222 223 224 225 226 227 228 229 230 231 232 233 234 237 238 239 240 241 242 243 244 245 248 249 250 251 252 253 254 255 259 260 261 262 263 264 271 272 273 274 275 276 282 283 284 285 292 293 294 295 296 303 304 305 306 307 315 316 317 324 325 326 327 328 335 336 337 338 339 340 346 347 348 357 358 359 360 367 368 369 370 371 372 378 379 380 389 390 391 392 399 400 401 402 403 404 410 411 422 423 424 425 430 431 432 433 434 435 436 442 443 454 455 456 457 462 463 465 466 467 468 469 473 474 475 486 487 488 489 494 495 498 499 500 501 505 506 518 519 520 521 522 525 526 527 530 531 532 533 537 538 551 552 553 554 557 558 562 563 564 565 569 570 583 584 585 586 589 590 594 595 596 597 598 600 601 602 615 616 617 618 621 622 627 628 629 630 632 633 648 649 650 651 652 653 659 660 661 662 664 665 680 681 682 683 684 685 691 692 693 694 695 696 697 712 713 714 715 716 717 724 725 726 727 728 744 745 746 747 748 756 757 758 759 760 777 778 779 780 788 789 790 791 792 809 810 811 812 821 822 823
activate X input 147 166 167 168 169 170 171 172 173 174 175 178 179 180 181 182 183 184 185 198 199 200 201 202 203 204 205 206 207 210 211 212 213 214 215 216 217 233 234 235 236 237 243 244 245 246 265 266 267 268 269 275 276 277 298 299 300 301 302 307 308 331 332 333 334 335 338 339 340 363 364 365 366 367 370 371 396 397 398 399 400 401 402 429 430 431 432 433 434 461 462 463 464 465 494 495 496 497 498 525 526 527 528 529 530 556 557 558 559 560 561 562 563 588 589 592 593 594 595 596 619 620 621 625 626 627 628 650 651 652 657 658 659 660 661 682 683 684 690 691 692 693 694 711 712 713 714 715 716 717 721 722 723 724 725 726 727 728 742 743 744 745 746 747 748 749 750 752 753 754 755 756 757 758 759 760 761 774 775 776 777 778 779 780 781 782 784 785 786 787 788 789 790 791 792 793
activate Y input 166 167 168 169 170 171 172 173 174 175 179 180 181 182 183 184 185 186 198 199 200 201 202 203 204 205 206 207 208 210 211 212 213 214 215 216 217 218 219 230 231 232 233 234 235 236 237 238 239 243 244 245 246 247 248 249 250 265 266 267 268 269 277 278 279 298 299 300 301 308 309 310 330 331 332 333 340 341 342 363 364 365 366 372 373 395 396 397 398 399 403 404 405 428 429 430 431 435 436 460 461 462 463 464 466 467 493 494 495 496 497 498 499 525 526 527 528 529 530 531 558 559 560 561 562 590 591 592 593 594 622 623 624 625 654 655 656 657 686 687 688 689 718 719 720 721 747 748 749 750 751 752 753 754 755 756 779 780 781 782 783 784 785 786 787 788 789 811 812 813 814 815 816 817 818 819 820 821
activate Z input 169 170 171 172 173 174 175 176 177 178 179 180 181 182 183 184 200 201 202 203 204 205 206 207 208 209 210 211 212 213 214 215 216 217 232 233 234 235 236 237 238 239 240 241 242 243 244 245 246 247 248 249 264 265 266 267 275 276 277 278 279 280 296 297 298 307 308 309 310 311 328 329 330 338 339 340 341 342 360 361 362 369 370 371 372 373 392 393 394 400 401 402 403 404 405 431 432 433 434 435 436 463 464 465 466 467 494 495 496 497 498 525 526 527 528 529 530 556 557 558 559 560 561 588 589 590 591 592 599 600 601 619 620 621 622 623 631 632 633 650 651 652 653 654 663 664 665 681 682 683 684 685 686 695 696 697 712 713 714 715 716 717 726 727 728 729 744 745 746 747 748 749 750 751 752 753 754 755 756 757 758 759 760 761 775 776 777 778 779 780 781 782 783 784 785 786 787 788 789 790 791 792 793 807 808 809 810 811 812 813 814 815 816 817 818 819 820 821 822 823 824
