neuron inhiS inhibitory
neuron inhi1 inhibitory
neuron inhi2 inhibitory
neuron inhi3 inhibitory
neuron inhi4 inhibitory
neuron inhi5 inhibitory
neuron inhi6 inhibitory
neurongroup input 784 excitatory
neurongroup output 800 excitatory

synapse input  output excitatory learn 0 7 0 6
synapse output inhiS   excitatory fixed 3000
synapse inhiS  output inhibitory fixed 3000
synapse input  inhi1  excitatory fixed 250
synapse input  inhi2  excitatory fixed 200
synapse input  inhi3  excitatory fixed 170
synapse input  inhi4  excitatory fixed 150
synapse input  inhi5  excitatory fixed 130
synapse input  inhi6  excitatory fixed 100
synapse inhi1  input  inhibitory fixed 11
synapse inhi2  input  inhibitory fixed 11
synapse inhi3  input  inhibitory fixed 10
synapse inhi4  input  inhibitory fixed 10
synapse inhi5  input  inhibitory fixed 10
synapse inhi6  input  inhibitory fixed 10

activate A input 41 68 69 96 97 124 125 152 153 179 180 181 182 207 210 211 235 239 262 263 267 268 290 296 317 318 324 345 352 353 373 381 400 401 409 410 428 438 456 466 484 485 486 487 488 494 495 512 516 517 518 519 520 521 522 523 524 539 540 551 552 567 580 595 608 622 623 636 637 650 665 666 677 678 694 704 705 722 723 732 751 779
activate B input 35 63 64 65 66 67 68 69 70 71 91 99 100 119 128 129 130 147 158 159 175 187 188 203 216 217 231 245 259 273 287 300 301 315 327 328 343 354 355 371 372 373 374 375 376 377 378 379 380 381 382 399 409 410 411 427 439 440 454 455 468 469 482 497 510 525 538 553 565 566 580 581 593 608 620 621 635 636 648 649 650 651 652 653 654 662 663 682 683 684 685 686 687 688 689 690
activate C input 102 103 104 105 106 127 128 129 130 151 152 153 154 155 177 178 179 204 205 232 259 260 287 315 342 343 370 397 398 425 453 481 482 510 511 512 540 541 542 543 571 572 573 574 575 576 577 578 579 580 581
activate D input 65 66 92 93 94 95 96 120 124 125 126 127 128 129 130 131 132 133 147 148 161 162 163 175 191 192 203 220 221 231 249 250 258 259 278 286 306 314 334 342 362 370 390 398 418 426 446 454 473 474 482 500 501 510 528 538 555 556 566 582 583 594 609 610 622 635 636 637 650 662 663 676 677 678 688 689 690 706 707 708 709 714 715 716 734 737 738 739 740 741 742
activate E input 36 62 63 64 65 66 67 68 69 70 71 72 73 74 75 76 77 78 89 90 117 144 145 172 200 228 256 283 284 285 286 287 288 289 290 291 292 293 294 295 296 297 298 299 311 312 313 327 328 329 339 367 395 423 451 479 507 535 563 564 565 593 594 595 596 597 598 599 603 604 605 606 607 608 609 627 628 629 630 631
activate F input 36 37 38 39 40 41 42 43 44 45 46 47 48 49 50 62 63 64 78 89 90 117 145 173 201 229 257 285 313 316 317 318 319 320 321 322 323 324 325 326 327 328 329 340 341 342 343 344 369 397 424 425 452 480 508 536 564 592 620 648 676
activate G input 38 39 40 41 42 43 44 63 64 65 72 73 74 75 90 91 103 104 105 106 107 117 118 144 171 172 198 199 226 253 254 281 309 337 365 366 378 379 380 381 382 383 384 385 386 394 403 404 405 406 414 415 416 417 418 419 420 422 443 445 450 451 471 473 479 499 501 507 508 527 529 536 555 557 564 583 585 592 593 611 613 621 622 636 637 638 639 641 650 651 652 661 662 663 664 669 670 681 682 683 684 685 686 687 688 689 698 726
activate H input 22 34 50 62 78 90 106 118 134 146 162 174 190 202 218 230 246 258 274 286 302 314 315 316 317 318 319 325 326 327 328 329 330 342 347 348 349 350 351 352 353 358 370 386 398 414 426 442 454 470 482 498 510 526 538 554 566 582 594 610
activate I input 33 34 35 36 37 38 39 40 41 42 43 44 70 72 73 74 75 76 77 78 79 80 81 98 126 154 182 210 238 266 294 295 323 351 379 407 435 463 491 519 547 575 603 631 632 633 634 635 636 637 638 639 640 641 642 643 644 646 647 648 649 650 651 652 653 654 655 656 657 658 659 660
activate J input 48 49 50 51 52 53 54 62 63 64 65 66 67 68 69 70 71 72 73 74 75 76 103 131 159 187 214 215 242 270 298 326 354 382 410 438 455 466 483 494 511 522 539 550 567 568 578 596 605 606 624 625 626 627 633 655 656 657 658 661 686 687 688 689
activate K input 37 64 65 92 120 147 148 160 161 175 186 187 188 203 213 214 231 239 240 241 258 259 265 266 267 286 291 292 293 314 317 318 319 342 343 344 345 370 371 398 399 400 401 402 426 430 431 432 454 460 461 482 489 490 491 510 519 520 521 538 549 550 566 578 594 606 607 622 635 636 637 650 665 666 678 706
activate L input 34 62 90 117 118 145 173 201 229 257 285 313 341 369 397 425 453 481 482 510 538 566 594 622 630 631 632 633 634 635 636 637 638 639 640 641 642 650 651 652 653 654 655 656 657 658 679 680
activate M input 88 89 116 117 138 144 145 165 166 172 173 192 193 194 200 201 202 219 220 222 228 230 247 250 256 258 259 274 278 284 287 288 301 302 306 312 316 328 329 334 340 344 356 361 362 368 372 373 383 384 389 396 401 411 417 424 429 430 438 445 452 458 466 473 480 486 487 493 494 501 508 515 521 529 536 543 544 548 549 557 564 572 573 576 585 592 601 604 613 620 629 630 632 641 648 658 660 669 670 686 687
activate N input 33 34 50 61 62 78 89 90 106 117 118 134 145 146 147 162 173 175 190 201 203 204 218 229 232 245 246 257 260 261 273 285 289 301 313 317 318 319 329 341 347 348 357 369 376 377 385 397 405 406 413 425 434 441 453 462 463 464 469 481 492 493 497 509 521 525 537 549 552 553 565 577 578 580 593 606 607 608 621 635 636 649 663 664 677 691
activate O input 66 67 68 69 70 71 92 93 94 99 100 101 119 120 129 130 131 132 146 147 160 161 162 173 174 190 191 192 201 220 221 228 229 248 249 256 277 283 284 305 311 333 338 339 361 366 389 394 417 421 422 445 449 473 477 501 505 529 533 557 561 584 585 589 590 611 612 618 639 646 647 666 667 675 676 692 693 694 704 705 706 707 708 718 719 720 736 737 738 739 740 741 742 743 744 745 746
activate P input 64 65 66 67 92 95 96 97 98 99 120 127 128 129 130 131 132 133 148 161 162 176 190 204 218 232 245 246 260 270 271 272 273 288 293 294 295 296 297 298 316 317 318 319 320 321 344 372 400 428 456 484 485 513 541 569 597 625 653 681 709 737
activate Q input 122 123 124 125 149 150 153 154 155 176 177 183 184 185 203 204 213 214 231 242 243 259 271 272 273 286 287 301 314 329 330 342 351 358 359 370 379 380 381 385 387 388 398 409 410 411 413 416 426 439 440 441 454 469 470 482 496 497 498 499 500 510 511 523 524 528 539 540 541 548 549 550 551 556 557 569 570 571 572 573 574 575 576 585 586 614
activate R input 37 38 39 40 41 42 43 44 45 46 64 65 74 75 76 92 104 105 106 120 134 135 136 148 164 165 176 193 204 221 232 248 249 260 275 276 288 296 297 298 299 300 301 302 303 316 317 318 319 320 321 322 323 324 326 327 344 355 356 372 384 385 400 413 414 415 428 443 444 445 456 473 474 484 502 512 530 531 540 559 568 587 596 615 643
activate S input 65 66 67 68 69 70 71 92 93 99 100 101 102 103 104 105 118 119 120 133 134 135 136 137 146 173 174 200 201 228 256 284 312 340 368 369 397 398 399 427 428 429 430 458 459 460 461 462 463 491 492 493 494 522 523 551 552 580 608 636 663 664 682 683 684 685 686 687 688 689 690 691 707 708 709 710 731 732 733 734 735
activate T input 86 87 88 89 90 91 92 120 121 122 123 124 125 126 127 128 129 130 131 132 133 134 135 136 137 138 139 140 156 184 212 240 267 268 295 323 351 379 407 435 463 491 519 547 575 603 631 659 687
activate U input 35 63 91 107 118 119 135 146 163 174 191 192 202 220 230 248 258 276 285 286 304 313 332 341 360 369 370 388 398 399 415 416 427 443 455 471 483 484 499 512 526 527 540 554 568 569 581 582 597 608 609 625 626 635 636 654 655 656 661 662 663 684 685 686 687 688 689
activate V input 59 87 115 138 143 164 165 166 171 190 191 192 199 218 227 228 245 246 256 273 284 285 301 313 328 329 341 342 355 356 370 383 398 399 410 411 427 428 437 438 456 465 484 485 492 493 513 514 519 520 542 543 546 547 571 574 599 600 601 602 628 629
activate W input 114 142 143 167 168 171 195 199 223 227 228 250 251 256 278 284 305 306 312 313 321 322 332 333 341 349 350 351 360 369 377 379 388 397 404 405 407 408 415 416 425 432 436 443 453 454 459 460 464 465 470 471 482 486 487 493 498 510 514 521 522 526 538 541 542 550 554 566 567 569 578 582 595 597 606 607 610 623 624 625 635 638 663 664 665 666 693
activate X input 58 59 87 88 116 117 137 145 146 163 164 165 174 175 190 191 203 204 216 217 218 232 233 243 244 261 270 271 289 290 291 297 298 319 320 323 324 325 348 349 350 351 375 376 377 378 379 402 403 407 408 428 429 430 436 437 455 456 465 466 482 483 494 495 509 510 523 524 535 536 537 552 553 562 563 581 609 610
activate Y input 31 59 60 79 80 81 88 89 106 107 117 118 132 133 134 146 159 160 174 175 185 186 187 203 204 212 213 232 233 239 240 261 266 267 289 290 291 294 319 320 321 322 348 349 376 377 405 433 461 489 517 545 573 601 629 657 685 713 741 769
activate Z input 62 63 64 92 93 94 95 96 97 98 99 100 101 102 130 131 132 133 134 160 161 162 185 186 187 188 211 212 213 237 238 239 264 265 291 292 318 319 345 346 372 373 400 428 455 456 483 510 511 538 539 567 568 569 570 571 572 600 601 602 603 604 605 606 607 608 609 610 611
